-0.084820785 -1.6143858 -0.469297
-1.101751 1.7740164 0.5821638
2.120713 0.014056407 0.8954788
-0.41918454 1.29656 0.11901839
0.53736854 2.489747 -0.04519107
0.05000485 1.1895723 0.110136755
0.12142751 1.1467316 0.7977049
-0.05198394 1.6189331 0.081826046
1.1732519 0.54546934 0.116631806
-2.3555045 -0.19589838 -0.060856696
-1.4449542 0.19761631 0.12209493
0.9190527 -0.5708321 -0.47939944
0.54175615 1.0822036 -0.07448035
1.5301279 -0.76877624 0.1244858
1.606305 0.89875597 -0.02524054
0.42926797 -1.2287453 -0.0029589224
-0.7230757 0.72096103 -0.1635903
1.2168369 -1.0553398 0.119175576
1.3509521 -0.45114756 -0.102752134
1.9481969 0.065796554 0.2907374
