0.9398274 0.13050188 -0.13011333
0.9398274 0.13050188 -0.13011333
0.9398322 0.13049491 -0.1301144
0.93984187 0.13048097 -0.13011655
0.9398564 0.13046007 -0.13011977
0.9398758 0.13043219 -0.13012406
0.9399 0.13039733 -0.13012943
0.939929 0.13035552 -0.13013586
0.93996286 0.13030674 -0.13014337
0.94000155 0.13025099 -0.13015196
0.9400451 0.13018826 -0.13016161
0.94009346 0.13011858 -0.13017233
0.9401466 0.13004191 -0.13018413
0.9402047 0.12995829 -0.13019699
0.9402675 0.1298677 -0.13021092
0.94033515 0.12977014 -0.13022591
0.94040763 0.12966561 -0.13024198
0.94048494 0.12955414 -0.13025911
0.940567 0.12943569 -0.13027732
0.9406539 0.12931027 -0.13029659
0.9407456 0.1291779 -0.13031691
0.9408421 0.12903856 -0.13033831
0.9409434 0.12889226 -0.13036075
0.94104946 0.12873901 -0.13038428
0.9411603 0.1285788 -0.13040885
0.94127595 0.12841164 -0.13043448
0.94139636 0.12823752 -0.13046119
0.9415215 0.12805644 -0.13048893
0.94165146 0.12786841 -0.13051774
0.94178617 0.12767345 -0.13054758
0.9419256 0.12747152 -0.1305785
0.94206977 0.12726265 -0.13061045
0.94221866 0.12704684 -0.13064346
0.94237226 0.12682408 -0.1306775
0.94253063 0.12659438 -0.13071261
0.9426937 0.12635773 -0.13074875
0.94286144 0.12611416 -0.13078593
0.94303393 0.12586364 -0.13082413
0.943211 0.12560621 -0.1308634
0.9433929 0.12534183 -0.13090368
0.9435794 0.12507053 -0.130945
0.94377047 0.12479229 -0.13098735
0.94396627 0.12450714 -0.13103072
0.9441667 0.12421506 -0.13107511
0.9443718 0.12391607 -0.13112053
0.9445815 0.123610154 -0.13116696
0.9447958 0.123297326 -0.13121441
0.9450147 0.12297759 -0.13126288
0.94523823 0.12265094 -0.13131234
0.9454663 0.122317396 -0.13136283
0.9456989 0.12197694 -0.1314143
0.94593614 0.12162959 -0.13146678
0.9461779 0.121275336 -0.13152024
0.9464242 0.12091419 -0.1315747
0.946675 0.12054616 -0.13163015
0.9469303 0.12017124 -0.13168658
0.9471901 0.11978944 -0.131744
0.94745445 0.119400755 -0.13180238
0.9477232 0.119005196 -0.13186173
0.94799644 0.11860276 -0.13192205
0.94827414 0.118193455 -0.13198334
0.9485563 0.11777729 -0.13204558
0.9488428 0.11735425 -0.13210876
0.9491338 0.11692436 -0.1321729
0.94942915 0.116487615 -0.13223797
0.9497289 0.116044015 -0.13230398
0.950033 0.115593575 -0.13237093
0.95034146 0.11513629 -0.1324388
0.9506542 0.11467216 -0.13250758
0.95097136 0.1142012 -0.13257727
0.95129275 0.11372341 -0.13264787
0.9516185 0.1132388 -0.13271938
0.95194846 0.11274736 -0.13279177
0.9522827 0.1122491 -0.13286506
0.9526213 0.11174403 -0.13293922
0.952964 0.111232154 -0.13301425
0.95331097 0.110713474 -0.13309014
0.9536621 0.110188 -0.1331669
0.95401746 0.10965573 -0.1332445
0.95437694 0.109116666 -0.13332295
0.95474064 0.10857082 -0.13340223
0.9551084 0.1080182 -0.13348234
0.95548034 0.1074588 -0.13356327
0.9558563 0.10689263 -0.133645
0.9562364 0.106319696 -0.13372754
0.9566206 0.10574001 -0.13381086
0.95700884 0.10515357 -0.13389497
0.95740104 0.104560375 -0.13397984
0.9577973 0.10396044 -0.13406548
0.9581976 0.10335377 -0.13415188
0.9586018 0.10274037 -0.13423902
0.95901 0.10212024 -0.13432688
0.9594221 0.101493396 -0.13441546
0.9598382 0.10085984 -0.13450477
0.9602582 0.10021957 -0.13459477
0.96068203 0.09957261 -0.13468546
0.96110976 0.09891894 -0.13477683
0.9615413 0.098258585 -0.13486886
0.9619767 0.09759155 -0.13496155
0.96241593 0.09691783 -0.13505486
