0.4168355 1.2034742 0.49066138
0.4168355 1.2034742 0.49066135
0.4168355 1.2034742 0.49066135
0.4168355 1.2034743 0.49066135
0.4168355 1.2034743 0.49066132
0.4168355 1.2034743 0.49066132
0.4168355 1.2034743 0.49066132
0.4168355 1.2034743 0.4906613
0.4168355 1.2034743 0.4906613
0.41683552 1.2034743 0.4906613
0.41683552 1.2034743 0.49066126
0.41683552 1.2034743 0.49066126
0.41683552 1.2034744 0.49066126
0.41683552 1.2034744 0.49066123
0.41683555 1.2034744 0.49066123
0.41683555 1.2034744 0.49066123
0.41683555 1.2034745 0.4906612
0.41683555 1.2034745 0.4906612
0.41683558 1.2034745 0.4906612
0.41683558 1.2034745 0.49066117
0.41683558 1.2034746 0.49066117
0.4168356 1.2034746 0.49066117
0.4168356 1.2034746 0.49066114
0.41683564 1.2034748 0.49066114
0.41683564 1.2034748 0.49066114
0.41683564 1.2034749 0.4906611
0.41683567 1.2034749 0.4906611
0.41683567 1.203475 0.4906611
0.4168357 1.203475 0.49066108
0.4168357 1.2034751 0.49066108
0.41683573 1.2034751 0.49066108
0.41683576 1.2034752 0.49066105
0.41683576 1.2034752 0.49066105
0.41683578 1.2034754 0.49066105
0.41683578 1.2034754 0.49066103
0.4168358 1.2034755 0.49066103
0.41683584 1.2034755 0.49066103
0.41683584 1.2034756 0.490661
0.41683587 1.2034757 0.490661
0.4168359 1.2034757 0.490661
0.41683593 1.2034758 0.49066097
0.41683593 1.203476 0.49066097
0.41683596 1.203476 0.49066097
0.416836 1.2034761 0.49066094
0.41683602 1.2034762 0.49066094
0.41683605 1.2034763 0.49066094
0.41683605 1.2034764 0.4906609
0.41683608 1.2034764 0.4906609
0.4168361 1.2034765 0.4906609
0.41683614 1.2034767 0.49066088
0.41683617 1.2034768 0.49066088
0.4168362 1.2034769 0.49066088
0.41683623 1.203477 0.49066085
0.41683626 1.203477 0.49066085
0.4168363 1.2034771 0.49066085
0.41683632 1.2034773 0.49066082
0.41683635 1.2034774 0.49066082
0.41683638 1.2034775 0.49066082
0.4168364 1.2034776 0.4906608
0.41683644 1.2034777 0.4906608
0.41683647 1.2034779 0.4906608
0.41683653 1.203478 0.4906608
0.41683656 1.2034781 0.49066076
0.4168366 1.2034783 0.49066076
0.41683662 1.2034785 0.49066076
0.41683665 1.2034786 0.49066073
0.4168367 1.2034787 0.49066073
0.41683674 1.2034788 0.49066073
0.41683677 1.2034789 0.4906607
0.4168368 1.203479 0.4906607
0.41683686 1.2034793 0.4906607
0.4168369 1.2034794 0.49066067
0.41683695 1.2034795 0.49066067
0.41683698 1.2034796 0.49066067
0.416837 1.2034799 0.49066064
0.41683707 1.20348 0.49066064
0.4168371 1.2034801 0.49066064
0.41683716 1.2034804 0.4906606
0.4168372 1.2034805 0.4906606
0.41683725 1.2034806 0.4906606
0.41683728 1.2034808 0.4906606
0.41683733 1.203481 0.49066058
0.41683736 1.2034812 0.49066058
0.41683742 1.2034813 0.49066058
0.41683748 1.2034814 0.49066055
0.4168375 1.2034817 0.49066055
0.41683757 1.2034818 0.49066055
0.41683763 1.203482 0.49066052
0.41683766 1.2034823 0.49066052
0.41683772 1.2034824 0.49066052
0.41683778 1.2034826 0.4906605
0.41683784 1.2034827 0.4906605
0.4168379 1.203483 0.4906605
0.41683793 1.2034831 0.4906605
0.416838 1.2034833 0.49066046
0.41683805 1.2034836 0.49066046
0.4168381 1.2034837 0.49066046
0.41683817 1.2034839 0.49066043
0.41683823 1.2034842 0.49066043
0.4168383 1.2034844 0.49066043
