1.023067 0.6626858 0.03148838
1.023067 0.6626858 0.03148839
1.0230653 0.6626795 0.031490352
1.0230622 0.66266686 0.031494264
1.0230573 0.662648 0.031500123
1.023051 0.6626228 0.03150794
1.023043 0.66259134 0.031517703
1.0230335 0.6625536 0.03152942
1.0230223 0.66250956 0.031543087
1.0230095 0.66245925 0.031558707
1.0229951 0.66240263 0.03157628
1.0229791 0.6623397 0.031595804
1.0229616 0.66227055 0.031617284
1.0229425 0.6621951 0.031640716
1.0229218 0.6621133 0.031666104
1.0228995 0.66202533 0.031693447
1.0228755 0.66193104 0.031722747
1.02285 0.6618305 0.031754
1.022823 0.6617237 0.031787213
1.0227944 0.6616106 0.031822383
1.0227642 0.66149133 0.03185951
1.0227325 0.66136575 0.0318986
1.0226991 0.6612339 0.031939648
1.0226642 0.66109586 0.03198266
1.0226277 0.66095155 0.032027632
1.0225898 0.660801 0.03207457
1.0225502 0.66064423 0.032123473
1.0225091 0.6604813 0.032174338
1.0224664 0.6603121 0.032227173
1.0224222 0.6601367 0.032281972
1.0223765 0.6599551 0.032338742
1.0223292 0.65976727 0.032397483
1.0222805 0.65957326 0.032458194
1.0222301 0.6593731 0.032520875
1.0221784 0.65916675 0.03258553
1.022125 0.65895426 0.032652162
1.0220702 0.6587356 0.03272077
1.0220139 0.65851074 0.032791354
1.0219561 0.6582798 0.03286391
1.0218968 0.65804267 0.032938454
1.021836 0.6577994 0.03301497
1.0217738 0.65755004 0.033093475
1.02171 0.6572946 0.033173956
1.0216448 0.65703297 0.033256426
1.0215782 0.65676534 0.033340875
1.0215101 0.6564916 0.033427313
1.0214406 0.65621173 0.033515736
1.0213697 0.65592587 0.03360615
1.0212973 0.6556339 0.033698548
1.0212235 0.65533596 0.03379294
1.0211483 0.6550319 0.033889316
1.0210718 0.6547219 0.03398769
1.0209938 0.65440583 0.03408805
1.0209144 0.6540838 0.034190405
1.0208337 0.6537558 0.034294754
1.0207516 0.65342176 0.034401096
1.0206681 0.6530818 0.03450943
1.0205834 0.6527358 0.034619763
1.0204972 0.6523839 0.03473209
1.0204098 0.6520261 0.03484641
1.020321 0.6516624 0.03496273
1.0202309 0.65129274 0.03508104
1.0201396 0.65091723 0.03520135
1.020047 0.6505358 0.035323653
1.019953 0.6501485 0.03544795
1.0198578 0.6497554 0.03557425
1.0197613 0.6493564 0.035702538
1.0196636 0.6489516 0.035832822
1.0195646 0.648541 0.0359651
1.0194645 0.6481246 0.036099374
1.0193632 0.64770234 0.036235638
1.0192606 0.6472744 0.03637389
1.0191568 0.64684063 0.036514137
1.0190519 0.6464011 0.036656372
1.0189459 0.6459559 0.036800593
1.0188386 0.64550495 0.036946803
1.0187303 0.6450483 0.037094995
1.0186208 0.644586 0.03724517
1.0185102 0.644118 0.037397325
1.0183985 0.64364433 0.03755146
1.0182858 0.64316505 0.03770757
1.0181719 0.6426801 0.037865654
1.0180571 0.64218956 0.03802571
1.0179411 0.6416934 0.03818773
1.0178242 0.6411917 0.038351722
1.0177062 0.6406844 0.038517673
1.0175872 0.6401716 0.03868558
1.0174673 0.6396532 0.038855445
1.0173464 0.63912934 0.03902726
1.0172244 0.63859993 0.039201017
1.0171016 0.63806504 0.039376725
1.0169779 0.6375247 0.039554365
1.0168532 0.6369789 0.039733943
1.0167277 0.6364277 0.03991545
1.0166012 0.635871 0.04009888
1.016474 0.635309 0.040284228
1.0163459 0.6347415 0.04047149
1.0162169 0.6341687 0.040660657
1.016087 0.6335905 0.040851727
1.0159564 0.633007 0.041044693
