-1.2508727 0.33546472 -0.56760633
-1.2508727 0.33546472 -0.56760633
-1.2508727 0.33546472 -0.56760633
-1.2508727 0.33546472 -0.56760633
-1.2508727 0.33546472 -0.56760633
-1.2508727 0.33546472 -0.56760633
-1.2508727 0.33546472 -0.56760633
-1.2508727 0.33546472 -0.56760633
-1.2508727 0.33546472 -0.56760633
-1.2508727 0.33546472 -0.56760633
-1.2508727 0.33546472 -0.56760633
-1.2508727 0.33546472 -0.56760633
-1.2508727 0.33546472 -0.56760633
-1.2508727 0.33546472 -0.56760633
-1.2508729 0.3354647 -0.56760633
-1.2508729 0.3354647 -0.56760633
-1.2508729 0.3354647 -0.56760633
-1.2508729 0.3354647 -0.5676063
-1.2508729 0.3354647 -0.5676063
-1.2508729 0.3354647 -0.5676063
-1.250873 0.3354647 -0.5676063
-1.250873 0.33546466 -0.5676063
-1.250873 0.33546466 -0.5676063
-1.2508731 0.33546466 -0.5676063
-1.2508731 0.33546466 -0.5676063
-1.2508731 0.33546466 -0.5676062
-1.2508732 0.33546463 -0.5676062
-1.2508732 0.33546463 -0.5676062
-1.2508732 0.33546463 -0.5676062
-1.2508733 0.33546463 -0.5676062
-1.2508733 0.3354646 -0.56760615
-1.2508734 0.3354646 -0.56760615
-1.2508734 0.3354646 -0.56760615
-1.2508734 0.33546457 -0.56760615
-1.2508736 0.33546457 -0.56760615
-1.2508736 0.33546457 -0.5676061
-1.2508737 0.33546454 -0.5676061
-1.2508738 0.33546454 -0.5676061
-1.2508738 0.33546454 -0.5676061
-1.2508739 0.3354645 -0.56760603
-1.2508739 0.3354645 -0.56760603
-1.250874 0.3354645 -0.56760603
-1.250874 0.33546448 -0.567606
-1.2508742 0.33546448 -0.567606
-1.2508743 0.33546445 -0.567606
-1.2508743 0.33546445 -0.567606
-1.2508744 0.33546445 -0.5676059
-1.2508745 0.33546442 -0.5676059
-1.2508745 0.33546442 -0.5676059
-1.2508746 0.3354644 -0.56760585
-1.2508748 0.3354644 -0.56760585
-1.2508749 0.33546436 -0.56760585
-1.2508749 0.33546436 -0.5676058
-1.250875 0.33546433 -0.5676058
-1.2508751 0.33546433 -0.56760573
-1.2508752 0.3354643 -0.56760573
-1.2508754 0.3354643 -0.56760573
-1.2508755 0.33546427 -0.5676057
-1.2508755 0.33546427 -0.5676057
-1.2508756 0.33546424 -0.5676057
-1.2508757 0.3354642 -0.5676056
-1.2508758 0.3354642 -0.5676056
-1.250876 0.33546418 -0.56760556
-1.2508761 0.33546418 -0.56760556
-1.2508762 0.33546415 -0.5676055
-1.2508763 0.33546412 -0.5676055
-1.2508764 0.33546412 -0.56760544
-1.2508765 0.3354641 -0.56760544
-1.2508767 0.33546406 -0.56760544
-1.2508768 0.33546403 -0.5676054
-1.2508769 0.33546403 -0.5676054
-1.250877 0.335464 -0.5676053
-1.2508771 0.33546397 -0.5676053
-1.2508773 0.33546397 -0.56760526
-1.2508774 0.33546394 -0.56760526
-1.2508776 0.3354639 -0.5676052
-1.2508777 0.33546388 -0.56760514
-1.2508779 0.33546385 -0.56760514
-1.250878 0.33546385 -0.5676051
-1.2508781 0.33546382 -0.5676051
-1.2508782 0.3354638 -0.567605
-1.2508785 0.33546376 -0.567605
-1.2508786 0.33546373 -0.56760496
-1.2508787 0.3354637 -0.56760496
-1.2508788 0.33546367 -0.5676049
-1.250879 0.33546364 -0.56760484
-1.2508792 0.3354636 -0.56760484
-1.2508793 0.3354636 -0.5676048
-1.2508794 0.33546358 -0.5676047
-1.2508796 0.33546355 -0.5676047
-1.2508798 0.33546352 -0.56760466
-1.2508799 0.3354635 -0.56760466
-1.2508801 0.33546346 -0.5676046
-1.2508802 0.33546343 -0.56760454
-1.2508804 0.33546337 -0.56760454
-1.2508806 0.33546335 -0.5676045
-1.2508807 0.33546332 -0.5676044
-1.250881 0.3354633 -0.56760436
-1.2508811 0.33546326 -0.56760436
-1.2508813 0.33546323 -0.5676043
