0 1.4722e-6
1 2.3643556e-4
2 9.415914e-4
3 0.0021169265
4 0.0037624093
5 0.005877991
6 0.008463605
7 0.011519167
8 0.015044573
9 0.019039704
10 0.023504421
11 0.028438568
12 0.03384197
13 0.039714437
14 0.04605576
15 0.052865706
16 0.06014404
17 0.06789049
18 0.076104775
19 0.0847866
20 0.09393565
21 0.1035516
22 0.11363407
23 0.124182716
24 0.13519715
25 0.14667694
26 0.1586217
27 0.17103097
28 0.18390429
29 0.19724119
30 0.21104118
31 0.22530375
32 0.24002837
33 0.25521448
34 0.27086157
35 0.286969
36 0.3035362
37 0.32056254
38 0.33804742
39 0.35599017
40 0.37439013
41 0.39324662
42 0.4125589
43 0.43232635
44 0.45254815
45 0.47322357
46 0.49435186
47 0.51593226
48 0.5379639
49 0.560446
50 0.58337784
51 0.60675836
52 0.63058686
53 0.6548624
54 0.6795841
55 0.704751
56 0.73036224
57 0.75641686
58 0.78291386
59 0.8098523
60 0.8372312
61 0.8650496
62 0.8933064
63 0.9220005
64 0.95113105
65 0.98069686
66 1.0106969
67 1.04113
68 1.0719951
69 1.1032912
70 1.1350169
71 1.1671712
72 1.199753
73 1.232761
74 1.2661941
75 1.3000511
76 1.3343307
77 1.3690317
78 1.4041529
79 1.4396929
80 1.4756505
81 1.5120245
82 1.5488136
83 1.5860164
84 1.6236316
85 1.6616579
86 1.7000939
87 1.7389381
88 1.7781894
89 1.8178463
90 1.8579073
91 1.898371
92 1.939236
93 1.980501
94 2.0221643
95 2.0642247
96 2.1066804
97 2.1495302
98 2.1927724
99 2.2364054
