0 13.840652
1 13.840652
2 13.840722
3 13.840861
4 13.84107
5 13.841349
6 13.841698
7 13.842115
8 13.842604
9 13.843163
10 13.843791
11 13.844489
12 13.845259
13 13.846099
14 13.84701
15 13.847992
16 13.849045
17 13.85017
18 13.851367
19 13.852635
20 13.853977
21 13.855391
22 13.856878
23 13.8584385
24 13.860072
25 13.86178
26 13.863563
27 13.86542
28 13.8673525
29 13.869361
30 13.871445
31 13.873606
32 13.875843
33 13.878159
34 13.880551
35 13.883022
36 13.885572
37 13.888202
38 13.890911
39 13.893701
40 13.896571
41 13.899523
42 13.902557
43 13.905674
44 13.908874
45 13.912157
46 13.9155245
47 13.918977
48 13.922514
49 13.926138
50 13.929849
51 13.933646
52 13.9375305
53 13.9415045
54 13.945567
55 13.949719
56 13.953961
57 13.958294
58 13.962719
59 13.967235
60 13.971844
61 13.976545
62 13.981341
63 13.986232
64 13.991217
65 13.996297
66 14.001473
67 14.006746
68 14.012117
69 14.017585
70 14.023151
71 14.028816
72 14.034581
73 14.040445
74 14.046411
75 14.052476
76 14.058643
77 14.064912
78 14.071283
79 14.077758
80 14.084334
81 14.091015
82 14.0978
83 14.10469
84 14.111683
85 14.118782
86 14.125986
87 14.133297
88 14.140713
89 14.148235
90 14.155865
91 14.163601
92 14.171444
93 14.179394
94 14.187451
95 14.195617
96 14.203889
97 14.21227
98 14.220758
99 14.229354
